%YAML:1.0
---
K: !!opencv-matrix
   rows: 3
   cols: 3
   dt: d
   data: [ 1.5047624717312654e+04, 0., 1.9377445836047457e+03, 0.,
       1.5019116056969528e+04, 1.5476244616873521e+03, 0., 0., 1. ]
D: !!opencv-matrix
   rows: 1
   cols: 5
   dt: d
   data: [ -6.9368881361557158e+00, 6.0803077035743989e+01,
       -1.2595376935041085e-02, 3.1663788479669962e-02,
       -5.3060655637520995e+02 ]
