%YAML:1.0
---
K: !!opencv-matrix
   rows: 3
   cols: 3
   dt: d
   data: [ 8.2985272653736793e+03, 0., 1.9198407440124361e+03, 0.,
       8.2984314319582300e+03, 1.5882684298007705e+03, 0., 0., 1. ]
D: !!opencv-matrix
   rows: 1
   cols: 5
   dt: d
   data: [ -2.1080115696001198e+00, 5.5369064303698714e+00,
       -1.0383975180383014e-03, 2.0596927594282576e-02,
       -1.2573819499808142e+01 ]
